//test set 1
// CTH mar 2005
11 // depts
6,6 // rows,cols
//dept - size - fixed
3,0
2,0
4,0
5,0
2,0
3,0
4,0
5,0
1,0
1,0
6,1,1,1,2,3
//volume matrix
0,10,0,0,140,90,20,0,40,0,0 //dept1
0,0,10,0,0,0,0,0,0,0,0 //dept2
0,0,0,10,0,0,0,0,0,0,0 //dept3
0,0,0,0,0,0,0,0,0,0,4 //dept4
0,10,0,0,0,0,40,0,0,20,0 //de5pt
0,0,10,0,0,0,0,0,20,0,0 //dept6
0,0,0,0,0,0,0,10,0,0,0 //dept7
0,0,0,0,0,0,0,0,0,0,10 //dept8
0,0,0,0,0,0,0,0,0,20,0 //dept9
0,0,0,0,0,0,0,0,0,0,20 //dept10
146,0,0,0,0,0,0,0,0,0,0 //dept11
//cost matrix
1,1,1,1,1,1,1,1,1,1,1 //dept1
1,1,1,1,1,1,1,1,1,1,1 //dept2
1,1,1,1,1,1,1,1,1,1,1 //dept3
1,1,1,1,1,1,1,1,1,1,1 //dept4
1,1,1,1,1,1,1,1,1,1,1 //dept5
1,1,1,1,1,1,1,1,1,1,1 //dept6
1,1,1,1,1,1,1,1,1,1,1 //dept7
1,1,1,1,1,1,1,1,1,1,1 //dept8
1,1,1,1,1,1,1,1,1,1,1 //dept9
1,1,1,1,1,1,1,1,1,1,1 //dept10
1,1,1,1,1,1,1,1,1,1,1 //dept11